Minekea demo world - by-material regions (display / walking order)
arena X[-192..-67] Z[100..195] floor y=55

material                       w   d flat pod  front-left(cmd)
Oak (43)                      12   8   25   2  (-191,55,190)
Spruce (49)                   12   8   31   2  (-177,55,190)
Birch (49)                    12   8   31   2  (-163,55,190)
Jungle (49)                   12   8   31   2  (-149,55,190)
Acacia (49)                   12   8   31   2  (-135,55,190)
Dark Oak (49)                 12   8   31   2  (-121,55,190)
Mangrove (49)                 12   8   31   2  (-107,55,190)
Cherry (49)                   12   8   31   2  (-93,55,190)
Pale Oak (49)                 12   8   31   2  (-79,55,190)
Bamboo (28)                   12   4   28   0  (-191,55,180)
Crimson (49)                  12   8   31   2  (-177,55,180)
Warped (50)                   12   8   32   2  (-163,55,180)
White (49)                    12   7   22   3  (-149,55,180)
Orange (49)                   12   7   22   3  (-135,55,180)
Magenta (49)                  12   7   22   3  (-121,55,180)
Light Blue (49)               12   7   22   3  (-107,55,180)
Yellow (49)                   12   7   22   3  (-93,55,180)
Lime (49)                     12   7   22   3  (-79,55,180)
Pink (49)                     12   7   22   3  (-191,55,170)
Gray (49)                     12   7   22   3  (-177,55,170)
Light Gray (49)               12   7   22   3  (-163,55,170)
Cyan (49)                     12   7   22   3  (-149,55,170)
Purple (49)                   12   7   22   3  (-135,55,170)
Blue (49)                     12   7   22   3  (-121,55,170)
Brown (49)                    12   7   22   3  (-107,55,170)
Green (49)                    12   7   22   3  (-93,55,170)
Red (49)                      12   7   22   3  (-79,55,170)
Black (49)                    12   7   22   3  (-191,55,161)
Stone (72)                    12  12   27   5  (-177,55,161)
Cobblestone (26)               8   6    8   2  (-163,55,161)
Granite (31)                  12   7   13   2  (-153,55,161)
Diorite (31)                  12   7   13   2  (-139,55,161)
Andesite (31)                 12   7   13   2  (-125,55,161)
Deepslate (95)                12  16   32   7  (-111,55,161)
Tuff (27)                     12   7   18   1  (-97,55,161)
Blackstone (49)               12   7   22   3  (-83,55,161)
Basalt (124)                  12  18   52   8  (-191,55,143)
Sandstone (38)                11   6   11   3  (-177,55,143)
Red Sandstone (38)            11   6   11   3  (-164,55,143)
Prismarine (54)               12   8   27   3  (-151,55,143)
Quartz (47)                   12   7   20   3  (-137,55,143)
Purpur (29)                   11   6   11   2  (-123,55,143)
Nether Brick (58)             12   8   31   3  (-110,55,143)
End Stone (29)                11   6   11   2  (-96,55,143)
Netherrack (11)                3   6    2   1  (-83,55,143)
Obsidian (22)                  7   6    4   2  (-78,55,143)
Calcite (11)                   3   6    2   1  (-191,55,123)
Mud (33)                      11   6    6   3  (-186,55,123)
Bone (16)                      7   6    7   1  (-173,55,123)
Brick (13)                     4   6    4   1  (-164,55,123)
Amethyst (11)                  3   6    2   1  (-158,55,123)
Iron (11)                      3   6    2   1  (-153,55,123)
Gold (11)                      3   6    2   1  (-148,55,123)
Copper (35)                   12   8   26   1  (-143,55,123)
Diamond (11)                   3   6    2   1  (-129,55,123)
Netherite (11)                 3   6    2   1  (-124,55,123)
Lapis (11)                     3   6    2   1  (-119,55,123)
Redstone (11)                  3   6    2   1  (-114,55,123)
Soil & Sand (72)              11  12    0   8  (-109,55,123)
Compressed Food (26)          12   4   26   0  (-96,55,123)
Lighting (4)                   4   2    4   0  (-82,55,123)
Misc (8)                       8   2    8   0  (-76,55,123)
Glass Jars - Items (95)       12   9   95   0  (-191,55,109)
Glass Jars - Fluids & Mobs (12)  12   2   12   0  (-177,55,109)
